7136452089
5326817094
6037491285
8735291460
2319604758
2615704398
2167089534
4235710896
7503162489
9316750824
3410782596
4517239086
3259470816
2146358079
9254871306
2089741563
6253409718
2705319684
7609183425
9482376501
3842905671
9506214783
4328790516
1856429703
4705912638
2031495768
8420963571
4267598130
7960423518
6489527301
2463791850
4902876351
7931860245
9680431752
4871562039
9521407683
7802914653
1087536249
0367518924
6519023748
3541286907
1564379820
2738596041
4307965218
0372695841
8567241903
7283490615
0357869241
3290584671
2548076391
9540721386
4930586172
0295613748
7236458091
1693748520
8120439756
9845136027
0619274583
5716380492
8307495162
7531602498
1634970285
9107524368
6248097351
0439157862
9025381674
2439856071
3615974802
0218573946
9376184205
7812940653
7895402613
8603419527
7083265194
6975814023
9428613570
5136427089
4839205167
7805392146
9708135642
9603421587
9163587204
1254967803
2678490135
9304572816
9526841703
6532087419
6712308495
9132507486
7204318659
8263945071
7652318904
6531084729
0379568412
0234689517
1409387625
4250918376
3057896241
6024395871
7058463921
7561023984
7986120534
1598472603
4718329065
2580643791
7392605148
4158062973
2978416035
2951307864
6175249380
0541926873
3902564178
7958461230
0528937416
4386172509
4237851690
9138450627
8479603152
3804691752
6230941578
6327589401
0915376482
8963140725
0471258396
2364709851
2985360471
5126897430
8605321794
8576493021
3574192068
9260541873
7436120589
2857960341
2603451897
5948736201
1508632974
4286975310
5263074981
0439175826
2096154783
6075981423
6180254793
8103592467
3956174820
8296371450
3495107826
4278159306
0196827543
4268531097
3652981074
2085431679
6495018273
9710632458
3048571962
6317859024
6407259183
7860594132
3605248971
0571324986
8407612395
9057186243
3920416578
8612937540
3702486915
8620195743
1695028347
0578342169
2613704859
3846529107
6213485790
3715906482
6847302519
8960427135
6539021847
9430251768
2314687509
1279864035
4607859123
2587490316
1805342976
4623059178
5189203746
5826740913
1438702695
2489135607
6947150283
9371025648
4508327691
2179608534
5318470926
3084271659
9107542863
5941307862
7195028643
9814526307
4725319806
3640125987
9708421536
2407935816
2563041798
7561324098
6483925701
4152603897
2964357810
5982137640
6532074819
3126794058
0684217395
2967104583
4591086237
7249056318
9235076841
1952378046
8240157396
5708643219
7693481502
3861092574
1240785639
6710832954
4503916287
8246017539
9065234178
3790468152
1683274905
3784091652
9608523471
4768053912
7243180965
8965317204
5603287491
1846372905
0417956832
1780245369
7280496315
7290341865
8039641527
2764138950
0627149835
1038572694
9580124673
0162845739
5349281076
1305468972
8124379560
8130672459
1697052438
9715846230
2984365017
2106895743
6983045217
0239586147
8296345107
3948261075
8537021469
4570183629
9430167285
6971042835
4517326908
3740825691
0794263581
2563409781
9658074123
1425063798
2375014869
0452378169
8296503471
1356798042
8613942705
0769483251
8297143056
0546381927
6034718259
3850467921
1965374820
4301876529
1203576894
5214869073
5987023614
4695871302
9028647531
4715328609
0736524189
7936051428
4618320579
9367420185
6021859743
2581760394
8092136547
3418026975
7601429853
4372160859
0793512864
6913205478
2106854739
4375062198
9134760852
5720164389
2380549176
1902683547
5749836021
5798412603
5931246870
5784306219
1497852063
5032694817
0287649135
5018437296
0369285741
8971436205
5021489763
9824316750
7965430218
2976503184
9410875263
3426098571
6970415238
8067123945
5139270684
7610438925
3281076495
2685147903
6735084291
2013764895
0438257961
8206597314
7052964183
9016425783
8937642051
2517384069
8523917046
0795413268
4503791268
1753406298
8097246351
0327496851
9486327501
6973145802
3704921865
4172509386
1958703426
4679135280
8307169245
7638412059
1736985240
1924386570
8635970421
4096235718
3150764829
7620391854
6804735192
1027946853
6750289431
9582760143
7391640852
0438691752
3756019824
6081349725
7159382046
0427589613
6724318590
5231987604
0769482153
3760518942
0492675318
8417093625
7508614923
5086324179
2056471983
3120694857
7315290468
1824390657
0523417689
0213856974
4209813675
7589613204
3419580627
8251306497
3189024567
1470968532
8072951364
5270436981
6413850729
1836759204
0126739458
0965127384
6214703958
4503976128
8105274693
1854769023
7506319428
7023841569
1328790456
8576143029
0478196325
9251876430
5417683290
3768401952
7350891462
2306957184
5438712069
3674108295
9712430856
7562410938
3489506127
9605318427
8243510967
6093751824
7605932418
0493651782
3957814602
5931782064
6854203971
2836519470
1263984570
0875643912
8571406392
3852174906
4713025689
6583421907
7423051689
3409126875
1854209763
5632718490
6173549082
2795831640
4082137659
0246379851
0538429671
1365482097
3216784950
1683027459
4632987150
8746509123
5213480967
7265014389
3826501974
2149567803
9703261854
7415396820
6842751903
3275846190
4716932085
8792635041
1984756320
4890173526
2804913756
8619704235
3790584216
6824391705
1894360572
3240197685
1980642537
0196534782
6542038179
1457982630
8710942356
8356490172
9263780145
0236154879
2640359817
2964310875
6817023954
8571493026
9374568120
8351246097
3295480176
4230159678
4062853971
6127985340
4530167928
6490325817
9684307125
8239174560
6925018374
8957034621
1029458637
6218473590
4167528039
8603479215
8459327106
3475069218
9340186527
2396418507
1876520439
1926053748
9137685204
0478632591
9325410687
0289734615
9412875063
6140835972
1825960473
7264158093
4059723681
2609834517
6378452109
9087162453
1248703956
4019826375
0793841562
8056172934
6537904218
2861049735
7826395401
7982645301
3451028679
5784231960
0674213598
2758694130
8619342570
4928536170
3876950241
5623971804
7163850924
7816904325
2689034517
4819602735
1069375428
1283604579
2495106873
1583207946
7301459862
3564079218
9034871256
0183965742
1567029348
9512370864
0217538649
8306741592
0348267591
1534682097
8153742609
7486932501
4253708196
1947285603
0638421795
6750241398
9572603481
8762431950
1367298540
2801936547
8427961350
7394065218
5710328694
6418327095
3907421856
8719405263
4312670985
2097486351
0165924837
6430879215
1970542368
0158724639
7103562849
3294156870
8941263705
3925487601
2438190657
3201487695
2801673459
3612870954
3541702869
7362405819
5297386401
6537209148
4709132685
0541726893
9086231745
0427913568
4801396275
4301296785
9571324860
9745102368
1569078324
6703845291
3762109854
6985304127
0576398124
3652098714
7164950823
5870936241
3547160298
7589631042
8491560372
6302975841
0493726158
8245701693
5302698471
3216758940
1926587340
2130497586
0792416538
4563829107
4562810379
1629053847
0571983642
1094572638
4231697508
0425789613
2394786501
6234591078
5439062871
9628175034
7850163294
4072865391
4852796103
2817390645
7203916854
8594012763
6830412579
5973821460
4671259803
5849126037
1793658024
0647521839
3510942786
5071364928
0521693874
1907582436
3705248916
7209851346
1582739406
3471285906
3574802961
0461783925
5476213809
4905832167
3527890461
2045976813
9612853407
8061457329
6358409271
0382567914
0328954617
5630472819
5613472980
5978263014
8315247906
0914276583
3498056217
3054769128
8537901246
5842713960
8924650371
8924015367
9524670183
8230465971
6041258397
8057369412
3780952416
4819732065
2489360157
6249180735
3175982640
1506437829
6132054798
3627149508
8923570614
3584671209
4036927815
8390467512
9421687503
5823709614
9861520734
0852743169
0571293684
6598102347
2948357016
7308651249
5910864732
4972506381
3705614928
8917302645
1807236945
5801273694
3416508927
5691027834
4260719538
0729143856
9738145620
1537806942
5627891034
2307596481
4597623108
7801249563
4085972136
1875640932
3140286597
9217034568
2631095874
8146932507
5463807291
0167289345
5481920673
6037814295
3806249517
8197653042
6397018524
8714602359
1293847506
5879263014
0384562917
6183459270
9243106587
8756942013
5380746219
6731524809
5013924678
9746021853
5630294718
9312087654
9705814632
8963425710
3867520419
0531724968
8650243791
8509243617
8147093265
1467852390
4931205867
2875304961
5637410289
5608473219
5369817042
7654820913
3164805279
6204397815
3784596201
8259461730
5824793160
8036942751
5216948703
9018574263
0418562937
6197085243
8501796234
8607195342
8609735142
9186350724
3185472069
0287496513
7602945183
5301476289
8052739614
8901543267
7598634012
5842196073
3518492067
2301849765
8760951423
8536142907
5981240763
6159384720
0546123879
6905142387
7253814960
6827539140
3519478260
6457203189
0695381742
6842591703
6801735294
7064928531
8075193246
9708145326
7012596834
3721064859
2943705618
5839614027
8023519674
7503196824
9307186542
8719450632
4985310726
2531067948
5742381609
5694108732
1623489057
4392607581
9203184765
2905376841
8574120693
2938614057
4738126059
3016794852
3789205416
9081246735
5723469081
5748039126
3284150796
0498621357
2790416853
2481059637
5318904726
5943687012
0712396845
3592486170
4812607953
4170365928
2745619038
9725163480
6078359214
6059714382
3495261708
3917250648
3450961782
3481607295
6407183259
1746309825
6209851734
0284761395
8079215634
6185429730
8653219470
7453608192
8491572603
6478159320
8045632971
4209871653
9456378021
1704835962
2596103487
8134950276
8741596230
6578019243
4782695130
3287940615
3762590481
9806514327
6980754123
4638075921
2356891047
5162837490
1943026758
4320819567
2810659347
1872543960
8216905437
1594062873
7354802916
7942531608
8093752461
3240615978
4617580392
5874930261
8627914503
7249831056
4213695708
5320418976
0496521387
2536107894
3046789215
4856213097
7628413950
3752491608
3941870526
9425037186
4915320867
0837245619
5249081673
6475032891
2543768109
4053968172
4932876501
0371928564
5246130978
1258604739
7861203459
5069874312
7918632450
6304152789
5943178206
0829756143
9726145830
2786519430
8069412375
0159234867
2710596348
4019786253
2795413680
9186407532
6789021435
2510647398
2896375104
3165904287
6375824190
8723450619
8056123479
1092476853
9152670348
7243159068
7054631982
9087536124
2859361740
7215049863
4867291530
4876253190
1348702965
6587042139
4792351086
5236017849
8153427609
1569743802
0942615873
4829756031
5219068374
8491630257
1240879635
3108692547
2618349705
3047216859
6358920471
9027485163
5607421893
4037251968
7386295014
6489320157
0496731582
3264187059
9802517463
7569143820
9852073146
7581296340
6275108349
8405971632
7295384061
7023856149
4723158069
7426891035
7658134920
7945103862
4730189265
0241853697
8102659473
3025981674
6291584307
8604925173
4203916578
3426971580
4593086271
7380962154
3621547980
3568702914
8619703254
0695374821
2614578039
5693124078
7095382164
3019654278
6528970431
2587631094
0927384561
6328910475
2684135097
9326708541
5849302671
3146892570
5723140986
3427569180
7601843952
0153268479
3271698450
4106389725
3859074621
5984672031
0975384162
1697580432
8120974536
1370629458
1968705432
6935184702
9136548027
0782463591
9587132406
9860325174
0965417238
0281497635
4685129073
2584310769
5798140326
1032869754
3785961204
6852107493
1356087924
7586104329
4291786530
4250986173
0128754369
4156723809
8015624973
6793281045
2735104689
3784026195
8345029167
7952381046
3418670592
9528306741
4679153820
6072345819
1954230786
