1029875436
7359480621
3258490671
9714863520
0387426195
9580247361
5843690271
4791038256
5097124683
7150389624
1728364095
4562017938
9175284036
7093146528
0471269385
6795083214
3410528679
6849210357
7198630254
0571348269
0365719428
3415768920
3246751980
0914362758
9752368410
2874016539
6807945132
2501697438
0297184536
3710852496
7129604835
2507963148
2987316045
4520739861
9475862103
7459026183
1903785462
3658120479
2697843510
8157240396
1870495236
4789526031
3879615042
9418537206
3925078416
7058126349
2109634587
6854312790
0239671458
2790846153
4796325108
5704186239
9467135802
2536017498
7832495016
9386140572
9386415072
6238791405
8654290317
6493810725
8613247905
6945108237
8096512437
4107298653
2749361085
3594701862
3628715904
6074598213
3198267450
3612089547
6231574980
7536410289
8541230796
5218034697
1349658072
4392165780
2874935106
9638027514
4805623791
8936024517
5912873406
5042169378
5623148790
2637018549
2150386794
2358964701
3084576219
8701564293
0398415276
0936748215
2936058471
0423685179
1639248057
5761923840
0149687325
8761905324
3270645918
7362451809
3475908216
4791650238
1849563702
4571026938
6203195478
2738059461
6293750814
3806142975
3985624017
8964753102
7205893164
0348719265
3567284109
5624397018
1863259470
5689721340
5689413207
9326481570
7851349062
4318927650
8703596124
0678512349
7945862013
7690581324
6542983017
3086179254
2841703596
5724081963
1524780936
1932754608
4693528107
6345279810
5209431786
5806197432
2703954681
2175946380
6253897140
7895320641
3670841592
3259841706
2678530149
2974803615
3192480657
6401529387
9657031824
4259037861
0721683549
4089126735
7321045896
7318264905
9352760481
9038246751
6395247108
3081597426
5910438726
2498170365
4839516720
4728653910
1956704823
0185763294
0236475891
2491785630
1245703986
4293618507
2456173098
9803425617
0958234167
4702658913
3042918567
0458637291
6540378912
6904537812
7630521894
1495238076
6215938740
7538164290
3184092567
4580391762
6954710238
5096843712
7614028395
2046973581
3520148769
9561780234
0271548693
0198642735
8706293541
8429376015
1053482967
2807361594
1054937268
4387659120
1924860735
6804193257
1364029587
2948506317
9637514082
0248917356
7926853410
1698405273
8791342056
2031498657
7563102894
0275941683
4359872610
9013842675
6139425807
8975164230
6104857392
1827045693
0234679815
7120835694
8203497651
1857639240
5486279130
9758341206
2305867194
2816534097
0413976582
3241079658
3041756982
4620937185
6135208947
2187094563
6538210749
7185049236
7429165038
8756429301
7589206341
1369025478
8951472063
8742501639
8329567104
7298640513
8420673159
6143802759
9675320184
3158064729
2897504316
4731862059
0385927641
4139860725
0918746325
7402891635
9862375401
6932745018
6297031584
0417532869
7659204318
7684510329
9145763820
0641987253
9236581074
0958642371
4063287519
2470683591
8459067312
2705836941
0197234856
3246971058
9354021867
3750921486
0623158497
4190657823
9065427813
2718459063
9325140678
6528904731
6413972058
0849163572
8917562403
6592107834
1475620398
4853291760
7831459260
5601239847
9435210786
0498215736
4629801753
4219805736
4790325861
2341650789
4079126538
8250761943
7930425186
5469230871
2609837154
5102674389
7501384269
7026935481
9403617582
1937045268
8975324016
0854913672
4862730951
5691840327
5907861234
0976531824
4927853160
1508792346
6728140395
1506234879
7359640182
4905832716
5428063791
7398216450
6291357408
6034982157
5394201786
8594632170
9652840731
8647539210
1356284079
5738496201
0376128495
7952408316
0784396152
3250178469
8729436051
0927631584
4531260978
9721630584
9735426081
3658714209
6701983425
9438652071
6297453108
7582140963
3658410279
8465073921
3941267850
4971580326
6814230579
6173925048
6781432509
5820763419
2483071956
9105842367
6123457098
7982310564
8041259637
3640185729
8675319402
3610258947
1903627458
4837016592
6948370521
7356028941
4718932056
9754612038
0274156983
8532914670
6702439815
7106294853
8925036714
9507628413
3712945086
4230159786
2637851094
2357948061
1502673849
4105923678
8517062934
6573029841
8907134562
6214537098
0567183942
2845379601
2975816034
3159847206
0562314987
9845130267
3254176908
3784901562
8047163592
1937640258
7463810259
5164397082
9053687142
4208569137
0398721546
7308941625
3459017826
5976218043
1597382064
7649812530
2031875649
5496832017
3921750486
9512768340
9346082571
4576931802
2136548079
2617853049
4219306785
8104592736
4023586917
7568942103
6081572934
3208657149
0481763295
0428351976
8379126045
5860923741
8624053791
9072856341
6298314075
3967580421
7612089543
9082145736
1854972063
1972506438
5021487639
0219678354
2856913704
8153706942
6947058213
8072439156
0974521863
3714296805
7265391084
2415089637
4726038915
7239684150
1652903487
3507489162
2436910875
0716592843
5401283697
9310275648
8269457031
0792583461
4018627953
9486132057
4182590736
3092184567
1048256397
6495283170
0194387652
4673912058
0683429751
5280147936
5204163789
9715486203
8794516320
2498031657
6150472389
5492387106
9056817234
4902873561
1263540978
3104628975
2089437615
1053627894
9164083527
2680793154
0243695178
3901476852
0895763214
6548790123
1389520764
2957361408
1457938620
1290487635
2685071394
0314897265
0956147283
4906271385
8715294036
6152439780
3564718920
9576482013
2950148673
3264587091
6209358471
2041853967
1230965487
7012539468
1970623854
4083569172
3651872409
4306871259
0532786491
4590861372
4073659821
3860429715
8157042693
9405837612
2964075381
1084375269
7398451026
9175284306
3104798562
8712904653
4685172390
0251697843
4278530961
1728543069
7239864105
5278436910
8419750623
9250876413
1804637952
8753420196
1826709453
6370914528
2948306517
6057481392
8621735049
0836495271
6201573984
5234691780
0452836719
3048265179
6481970532
0349278561
5360427198
0879256413
6842173905
6475082391
2519078463
9864237015
8596137420
8312795064
0468392157
2734581960
5927406813
3018462597
8563071942
3289140567
4751638029
3169852740
0529341678
0634971582
4286397510
8129354067
1452067398
4583279601
8715924036
0281694573
3795081462
6041928735
6532481097
1947280356
2579836401
9128365470
2571483906
4102853967
0368942571
8590613274
2135968470
4062857931
9376485120
6812390745
4793812560
0893715246
0481735692
6751894302
4539678012
9350241876
7235681409
2435619807
8134750296
6137490258
7456183290
9873452061
8312590746
4953182670
9642831507
3018296475
6701934852
1450297683
4951038627
8672094135
9583241067
8675230194
1953867240
9386142570
4136752809
0287395614
1926473580
6497285103
0325974861
9486250317
0872413659
4972516803
1509274638
8346950712
8573640921
1052894763
1237894056
4603928715
7108532649
6530487129
3620759148
6325097481
2549706381
3602457981
0365984172
5204716893
0786324159
4516703829
3062578491
3465718092
6794820513
5098273164
5126498703
6738925014
1870294536
7409658213
5821390674
6520984731
1687349052
4108792563
6713804925
5428793106
5639047812
3879065412
6492581307
5978261403
9524670318
2450637189
1425389067
1346870529
1506372984
5423708916
7395628041
7954381620
3057869421
1467093852
4507162893
8594026137
7859260143
7246531908
7915436280
1057694238
6728941350
8037694215
3067921485
6248591307
1965430287
6843290751
4695830721
8650729431
1894307652
9123085764
4826391750
1245897306
9081732645
3250189674
4396802571
6083291547
8207341596
9284705613
2761493805
6391280457
9150624837
4512073986
9031624785
4603821957
7394621085
5169047832
0853716249
8307126945
8317569420
6935824710
1547062389
5038947126
3962041785
6254173809
8916427305
7234069185
5418796320
1823496507
3174596820
4563178029
4381927056
6239071584
9428305617
5193847260
4286750391
3750289146
4061375298
0683542179
1689047253
9312658074
2750613849
4237695018
7124560389
9168043725
9216450837
7064359812
5139482076
6049738512
1058376249
2150768493
5710496328
0428651793
2071836954
4385219607
8452103976
9783452016
3687409521
2758104369
6905431278
4071628539
3960184725
6943017258
9842750613
6297541803
6524381709
6214580739
5981037426
3064781529
8469170235
5840371926
6951820734
6590783421
9640573812
8921406375
6739124508
6324917850
9784230516
4976325081
2594173068
6514290873
0594687312
4260987351
9145637820
8702465193
7591430682
4607593182
0492137856
1765892304
2083476951
8674512093
3108794652
2894613750
6084217539
7596132048
0846932157
0625174389
9023857146
5698420731
7945218063
9728054163
0652391487
6247508193
9816574203
7369152840
5840637912
6075184923
0346721598
4579120386
1854926370
1928305476
7856423109
8279354106
8705619423
4582763109
4028716359
2678930154
4681932075
7516829304
1643709528
0463897215
4930651827
9751648320
9045786231
3687129045
6819375024
3547901628
8675214930
2469035871
3785902416
2514938067
3296817405
8495620371
3190276458
5049271638
2796108543
1968745302
6748951302
2895734106
2713480569
6308245179
8651392704
8423596107
8570634192
3048591267
9034871265
8597324106
6435792018
2741058963
6701893542
6849172035
6407813925
8560392174
3568479102
2015738964
6019578324
3728014695
4207965138
9324657108
6395041287
4829135076
8507264913
0897345216
6234708951
7139582064
8042936751
8765431290
2036415897
6194025378
3865471920
1028374596
5982037461
3156204978
3278149560
5736402189
9452876013
1309582764
4689730512
9708652143
5348976210
1702945368
9735180246
8942103657
9435816207
8540619723
2405793618
8935426017
1084392675
6394051287
2948753016
8401365792
0863529174
5207396481
8170692435
3578014692
6219305748
5231780496
5280163947
6243019587
6342897501
9542601738
0137846592
5340672918
0754913826
7459621830
0294785613
3496852017
4520817963
2648753901
2140358967
0732541896
1473596082
1736042589
1652903748
6487123095
6487931205
6758924130
1849637502
7823691045
2793816405
4530672819
0492731586
4280537691
8690172543
7180435692
3916572408
2407136589
1632905874
7158436920
2970841536
9728650143
3657820194
0615972348
2741856309
7659341208
5168243079
9603584217
7039518624
3576409182
1528679340
2895371046
5047198623
9142607835
4970365821
1487362509
5492830716
2460319875
8109265347
5638109427
6432078591
1784569032
8639124750
9826470315
7940651832
8075614923
4710986532
7415620839
3452197086
1087259436
7829301546
0236591784
5617843920
0712598643
9458276301
2354801679
2798641503
2069473815
0428196573
4216350789
6587139420
6752489310
6984301257
0854732169
7213605849
9430675218
4013795286
7360985214
2651984370
0723845196
0267589431
9183560742
2568037419
3264817590
1089624753
0756324819
1652084397
1509348762
6127384905
6872159430
2709314568
2107436598
4238759601
1567289340
0247618935
6908142357
6230871594
4361758920
0968735124
5280736941
2386901457
0683725914
4519380672
9124765803
7850391642
4392850761
0697845132
5834297610
8243906157
0785149236
0429763815
2749681053
3271954680
9278456103
1786035294
5483921607
0275918634
0846219537
7132506498
4963051782
2895731460
9406751382
7156809324
6701453298
5146897230
4039875261
6401392587
4328950176
8326145079
9402376158
7321546908
0749523681
7314056982
9236804715
3587642019
8193502746
6307514928
5681049372
3786591402
1567842039
4298603715
6457923180
6895107432
7914865203
7024586391
7891264305
6081327459
1409672835
4061357892
4978126305
7209364518
6201397845
1584937206
8547629301
2031476598
9720834156
1708452369
7852346091
