3897502164
0469518273
0531926874
9531624087
0246951378
5908134267
4035892761
9047126835
7954601238
6075843192
9801657423
3587094621
2603849517
3974618205
8743195026
7194065832
6594831072
0749165283
1648207395
2548701396
9410372685
7568931024
5417820369
6194302578
9460125378
4379601258
7620384591
2345196807
8275346109
3524197068
4620973185
8250417693
1037985264
4962853710
0418635279
2019635487
8016947325
2083457961
2738195406
7403629185
8609375421
3651427098
9805273416
0127436895
8109546273
7531069428
2598103467
0574683291
9703426581
1789623540
8624913507
7436109852
5627019438
8491307256
3916782045
5236104879
1294875603
0384179526
0185423769
5978346012
6278413905
5736028419
8971403625
5360174892
2806457319
6845329017
2453671890
8536027194
5742698301
6125348709
3814706295
9807354261
3178206549
7265143980
5480796231
6501248397
4172580369
6437920815
5690182743
0146397285
9783246150
9341270568
6971528304
7402185369
8374092615
9614578320
1548269703
5213760849
6278395041
4153790268
2803594716
1258769034
2107349865
2798560143
3108794625
3675482910
0379812546
4578096312
4382165097
2346809571
1479385620
4367291085
1962837045
3541027698
7428356190
6042195873
1635240789
0734986512
7468215930
4259610873
6501892374
0615294783
5923108746
4863521907
4017952863
0962845371
3658074912
5260948713
0387295461
8409673521
3024169578
8756102439
8740653291
4713892056
0956134278
6309185724
1236097845
5839714026
0613459728
3710258649
9875321406
6407258931
6091258347
2730159648
2163954087
1207469835
0658173492
6754391820
3067982514
0189742536
1897640352
1475306928
9021437865
8634179052
3714908526
0598734162
8253619407
3874209156
1260459783
4198025637
4572081396
6934078152
1906275438
2708351469
5706324819
8726304195
5203879614
3690542178
7943610825
6951028734
3708146952
1380295647
1940675283
0628795413
2708364591
5092476318
4683915720
5371286940
7689034251
4382601579
7360845129
0824915367
2601953748
3982741560
7350928416
0358247916
9684721503
9170486235
2140598367
2478016593
7259806413
8132406597
2630874195
2638504179
6584723190
4058697132
4201586973
1708934256
1364075829
4028176359
2819670354
5931748260
7520341698
9185473620
3159287640
8304162579
1079264583
5340678219
9013264857
8290641573
8490721653
2190574638
7035214698
7346098512
0274895631
9284613075
9178563420
4169802357
6279013845
4987215603
3685219407
9053627148
4732806159
1290734856
5213790486
6823140759
3420876195
2739816405
3578941260
9154637820
4379582016
7342190685
7098256143
6527401893
0489136725
4197083265
7564980312
4205871693
6374081295
8059436271
7459081362
5801427369
2573064189
8795031264
0125798346
8421076359
8739254016
9458031276
7860259314
8952637140
6127538049
5930768241
1730289546
0194257836
9823705146
5401689732
8904521637
7830956214
5901368472
8052941637
3981752604
1926478053
8769230514
5234961807
1083765924
1869230754
0945367218
4536179280
0879123546
8914735062
3961425807
3549721806
5694381072
0583164297
0527843916
7824309615
7960841235
0326194857
0287145639
9612435870
8469370251
3048129657
7631952804
2490683715
6972451803
6319820574
8152679340
8326740951
0293758614
8509346271
8315249670
4815239607
7416085329
6028154937
7862510394
9784102536
3169470852
3850297416
6134789502
1237590864
3410857692
2964051837
0381657492
2369174085
7928560143
4183279605
6183974052
9186743205
6345807291
8720491365
8645209371
4593027681
5029763814
2586943017
3746208591
3285164790
4902568371
6931208574
0637289145
2079451386
9731025846
2543907861
7958603241
4309678512
5198427036
9826347051
0451768293
9012486735
3985147062
1905674238
1048962753
0218574369
9768520413
8053264971
8456729013
6159804237
4631072598
0457823619
9725016834
4852619307
1375924068
7091325846
4137689205
1825463079
6724189053
5321608794
3045689712
5289130467
7146539208
8573409126
8912457360
3976210854
1534698072
0365189724
7284106953
3167502489
2015793468
2175830496
3647512098
1509783642
2679314580
2960483571
1387209564
4720836519
8510473269
6284593170
6798514203
6510239478
9530128476
5763942801
0569187243
8976205413
6531290847
2678093154
8172046935
3025476918
6497203518
5368079124
7304965182
3824019675
8045923671
8297156430
6590827143
1725309864
1802569734
2159467083
3567418902
1246593087
9410785326
8604735912
0243875961
8016793452
1375086249
0785621943
2501847693
1508692437
1387902654
4509783621
0576128943
8359264170
6023591487
5860291437
0683152947
4952186730
7384159260
4832106957
6234809751
2569384170
7128360594
5742869301
4503612897
2036978415
9253178064
8012374596
1874503926
2503147689
6854072391
7345910268
1983762054
9724805136
8756390421
3640791582
9163284057
3412690857
2396017845
7398046521
5326847901
7659183240
8761542903
6850714392
9168047253
8769130245
8360197542
1720843965
6201349578
5932847061
6518029374
4569281370
6913408257
0687543921
8091637524
6894201537
7425830691
0243987156
8326071549
5784213609
8769513204
8390761245
1963704582
1243578690
4971036285
0372196584
1685072439
1903756428
4386215907
0134896725
6214938507
6392158704
3914827605
2765304891
3954827061
2514798603
1473856029
7610842935
9571604328
7501823946
4831960752
8574630921
4859310267
9634850217
1075893264
2369517480
9027314658
2831076495
2509134687
4213860597
5936184072
7234198605
5821439706
1689253704
7520981346
1943075286
8940123675
5493780261
8650241973
9186572340
1642987503
3427905816
2357681490
1576348029
7832601459
5178034296
2680519374
3195267480
7829651034
8235694701
8403712569
2043918675
3240786195
6182745309
7928546013
5029471683
4301568279
0285963471
5234167908
7083961542
4183069572
4719065832
8047936152
6029783145
5410862973
1285904376
6920157348
0214587936
4093851276
3624091758
5316042798
5689470132
9823517064
1064723859
4215786039
4326975180
8153247096
9475602183
5129043678
2796104583
0573498261
5124360798
7241639580
0978241653
5290613478
2681740935
9850436127
3495028716
6542837910
2314087659
9413076285
1820547396
7106298435
3790542186
6193428075
5269480173
3187056942
4865927310
5310972684
9048175236
4175236098
7824956130
6193875042
4253709186
7908635124
6149357280
3704921865
9307182465
2349185706
4019837625
5641073289
8076421359
6921345708
9107563482
4936217805
1875042639
8140396275
8453970261
4259870613
1305642987
7582619430
8593641720
3641075289
3086725491
0712345986
1630845972
7358142609
7865014932
1250367894
7810956243
0598432671
3467820195
8645037219
8037951462
0412369875
9854130726
0812794563
2154068973
2836097415
6815907423
7025698134
8905164372
8943725160
6954378210
9863712054
4806923571
5481637902
2354891706
9705168243
5086314297
8215974063
0652973148
5038976124
0695718423
7930128645
7026851943
4392108657
4568213907
0793158264
5964728310
5218934706
8104926573
3642908517
0312568497
9063741285
6325170489
1827659043
4506931278
6854270193
7504862913
2791650834
5763018924
7620594138
9683024157
9251406378
6708129345
6138257940
7204938165
4397562180
0178342659
7912605834
1629743058
2693508741
0823975614
0243186795
0718526394
5013642987
9276183405
3902875416
5068493127
7562938140
4962310875
8692705341
8470329156
2483910576
9153420678
1345287690
0349125786
5138492067
9375416082
0541683927
8712906534
6574203819
7201365498
7420518396
2017496358
6345872019
2981470365
5741603289
6870451293
1498506273
9523847106
6207418953
9208756314
1549862370
4205796183
9568013247
8093124657
3608129754
0835491672
5362419087
1265784390
9572184360
9083762541
0876921435
3125790468
0749523816
5802139647
2340576891
6478591230
1785642903
8734526901
4072193865
3140962875
4821957063
2973068514
4560289137
9836415270
8217450963
4712930658
8145936072
8320479156
0629175843
5789634210
2701694385
5176840932
4506982371
5263179048
0683954271
2731609548
1408396257
7198054362
9570163482
3409578612
3602974185
6571908432
1274308956
4502913678
0936147528
6320714589
4629750318
7210948536
6210539487
2901657843
0236875914
3478159062
6027981354
2183570496
5672498301
3169407852
9654032178
4305169728
5917026438
9308476521
4598027316
5204963178
9723156408
3728641950
9627310854
7023965841
0168439275
9654231870
4905786123
6174352890
1640253987
4581627093
6952317408
5283407169
1459370268
5704628931
7451039268
2951407386
9456817203
8964372150
2481960573
0234861597
3502417896
9367410528
8930415627
5824691370
4523897610
0693145728
2301758694
1305769284
6872405139
5294087631
1293067845
6713840295
1934580762
5038641972
1704523968
4873096152
9057268143
5236874109
6350481972
3702916584
6418397520
5670184392
3786140592
9376514802
1524803769
5621984037
8974630215
3502496817
6931804527
0341685792
0862579431
9087625143
9125063847
5860473129
8657134029
7408213569
3961840572
0273496581
6408712395
9724610385
2957013648
2184369570
9087564132
4953072681
5821679340
7295481603
8039165427
4102763859
2047168539
6410298357
8215307694
7513069482
2801475936
7328154960
9876032451
5231497860
3089674521
9586241073
0418962375
4130729865
5376089214
7349562180
6819524307
4697215803
3076254891
8713590246
9120846573
7156204938
8943726051
8923150764
5782091364
3642915087
1834592076
8123560497
5631720849
2479685103
0197824356
0129436578
7402653189
5760148239
2784615390
8247561930
3728016954
4679358012
9658073241
8032617954
5107986342
7016432589
9472856130
5906178432
4869327501
6217539408
4563870921
6958734201
4126397508
2351809674
2876039415
5981246037
8210634597
7605831294
0248617359
1204375689
9524063817
8490375216
9325187640
8760513429
0471596238
5413276908
9403162875
6875432109
4957618023
9634570812
5639412708
2067948153
1467958302
7452691038
9801273456
6945872301
3264109785
1476032598
5294706138
0789463125
2013769584
5041823967
0172845396
8704659312
0694718532
6739842150
1460978325
8163097245
9567402138
2168730954
1850972364
7930268145
4061289357
8305264791
6859071234
8567943120
4839620715
7652314890
8930562741
4903568172
6298453107
2851904673
5432916780
6382154079
4023598617
3024187659
5763041928
1730598642
6019428573
6104285739
0241568739
9268715043
5620349718
3619284750
4561023978
8701653429
3947168520
8370619524
1957248360
7135264890
1046758932
3514608279
1243795860
0654917823
0472618395
2360571984
9754836102
9063412785
6309851427
8502317649
8210439675
6257019834
4925836017
1408379526
9531062847
0259841736
5078391462
0529716438
5803971264
6397201548
7529638140
3762098451
4206791385
5291076843
6418370952
5618237904
7543209681
0358741269
4293851076
8965203741
6487215309
1237460958
8247601953
8752306491
4950183726
3658701294
6370924581
1493702685
7319258460
9240385716
6531820497
5370492681
9435860172
5948617032
6150483927
5163247098
9180246753
6823945071
2913604785
6893475102
8720653194
7942860135
3560714892
3261705984
4273519860
9423817605
6098175234
2765491803
6254813079
9257483160
6908137425
8052794136
4127036895
5423809761
1920675834
0576294813
3821594670
6720318594
9678213045
4321609578
8125693407
4503782961
3408529617
9342058716
8476395120
4287936051
6134520978
4098163572
0573469218
6850293174
1906857432
6207941835
4327605891
3278541609
5804317692
1293605478
3824657910
1958034267
6938524170
1294863705
3764895012
5894123076
1873605294
8531402697
9674815203
9027684135
1496273085
0948275316
7841206359
0162873945
8642057319
8673154920
3249601578
2570648391
0798165243
0816293547
